57 54 75 93 42 79 63 3 25 23 87 93 49 0 0 29 51 8 30 4 0 32 85 65 88 60 49 10 24 77 88 46 57 15 94 83 32 82 80 16 27 9 70 43 42 90 60 90 51 45 68 35 48 43 65 18 19 7 31 87 24 70 15 82 59 92 68 24 0 39 52 67 71 47 85 33 46 7 27 78 79 16 70 88 49 99 33 16 26 54 27 72 1 44 44 63 29 73 40 14 
78 55 23 17 38 38 51 85 29 91 98 65 66 20 65 55 69 40 87 19 17 38 9 55 83 7 30 18 37 34 90 35 14 41 84 81 51 54 1 29 55 59 9 80 12 66 32 36 13 8 18 70 85 22 4 30 9 24 79 14 27 26 47 84 63 68 5 24 26 70 38 71 99 33 48 18 10 26 88 18 13 76 62 65 49 4 48 43 9 90 26 64 81 78 39 65 38 54 21 89 
16 55 59 89 62 39 60 0 51 3 44 55 68 45 35 61 37 13 10 35 89 48 55 79 29 38 85 98 3 47 96 56 4 37 7 8 96 32 15 77 51 90 1 53 67 34 41 29 37 72 6 10 69 44 41 35 11 85 90 11 22 57 54 98 62 7 95 52 69 4 74 74 30 70 39 78 58 95 68 65 82 38 51 8 47 25 14 85 25 88 73 88 10 90 91 98 3 62 6 61 
24 55 50 14 25 49 44 96 41 36 32 98 43 15 2 5 69 72 73 88 33 27 86 41 20 72 95 89 85 33 57 47 51 69 81 5 15 56 23 0 60 89 73 31 5 91 26 53 41 83 14 64 18 9 31 57 4 21 90 42 38 54 56 17 92 43 97 48 16 10 42 58 78 99 7 5 74 53 60 59 33 80 97 98 60 7 17 62 50 12 52 61 10 59 6 37 0 96 92 2 
76 53 85 10 92 16 62 83 0 21 59 65 77 25 94 97 60 80 63 46 34 41 1 7 47 80 11 37 46 71 0 23 80 54 29 36 30 54 34 58 63 13 28 37 59 12 21 98 45 33 82 18 67 88 53 63 11 66 32 43 36 50 19 72 75 77 86 0 48 44 79 29 65 75 94 29 57 52 82 92 35 42 25 35 50 78 45 70 61 49 81 37 92 0 83 37 37 25 95 49 
46 14 50 68 16 0 98 3 24 5 73 80 15 71 46 79 59 26 87 15 70 49 81 76 19 54 50 56 15 47 37 69 91 60 49 36 43 51 3 8 8 92 50 9 63 15 85 31 62 35 80 46 20 53 13 17 57 2 30 96 72 54 23 39 60 38 29 28 62 81 6 96 69 51 69 47 89 83 19 47 46 55 56 20 25 46 56 78 17 86 6 90 44 31 22 6 45 65 18 12 
30 62 7 59 50 40 31 63 57 90 71 59 88 61 84 0 32 19 95 72 85 40 85 64 51 78 57 63 13 11 77 61 30 85 57 29 24 66 46 60 49 57 2 42 88 98 46 59 50 69 57 74 15 98 77 6 82 58 1 30 34 86 48 23 62 11 0 46 51 21 55 71 3 20 56 14 78 12 3 56 54 32 63 46 16 27 73 2 8 81 73 36 70 89 77 61 66 56 77 30 
67 37 90 3 10 82 32 30 18 36 48 19 28 8 60 55 47 44 49 27 6 32 2 83 86 8 22 27 39 87 4 80 28 6 48 80 99 89 19 81 95 63 59 77 72 64 21 12 62 19 0 86 74 94 23 40 58 48 52 81 36 25 48 18 33 17 47 99 24 38 52 24 78 72 54 22 55 89 33 91 27 22 84 45 90 13 57 6 49 91 12 20 77 18 69 18 63 96 28 91 
47 24 71 16 11 39 79 4 68 66 33 6 71 47 16 64 37 10 71 83 9 3 92 92 75 1 29 74 38 85 32 21 28 49 30 43 70 20 8 25 95 52 45 39 22 68 64 93 28 20 10 6 24 42 10 64 73 23 97 12 90 7 37 12 81 37 82 34 63 96 63 5 73 79 16 28 11 4 96 11 57 56 22 10 31 94 89 44 59 55 36 33 14 78 61 60 24 6 13 33 
73 93 18 27 4 42 50 38 36 39 36 87 42 30 90 97 97 58 20 36 77 7 75 45 32 42 22 10 76 30 31 60 73 29 4 43 43 90 96 1 67 37 56 59 46 41 78 9 68 27 41 57 32 92 21 40 18 24 30 73 2 38 20 11 63 74 44 90 55 43 70 89 73 75 40 31 30 50 27 55 14 55 70 91 79 41 59 54 60 94 23 26 0 85 14 10 30 86 68 3 
58 32 95 58 49 56 28 74 9 97 93 56 0 15 9 5 2 64 28 63 80 94 79 28 88 60 52 56 4 17 79 66 42 11 15 23 97 47 32 76 55 5 59 30 66 12 77 39 50 66 94 78 64 91 40 20 50 11 16 55 43 41 52 84 18 9 48 6 67 58 92 58 88 43 2 6 24 69 46 73 42 7 5 69 90 17 48 12 52 73 30 69 4 51 57 13 39 77 27 10 
8 16 32 63 1 71 37 68 5 10 79 21 70 10 78 79 31 76 98 47 32 59 91 24 35 36 85 47 7 9 62 10 64 66 29 7 1 72 53 95 34 7 34 80 6 32 33 23 78 48 53 74 69 84 83 2 75 59 68 21 9 53 85 47 87 38 73 51 60 95 81 57 3 92 78 24 35 64 45 94 34 78 79 31 19 34 61 0 70 35 50 28 21 75 31 66 56 14 81 34 
91 75 70 25 76 10 87 52 72 95 58 76 18 64 31 90 15 87 45 42 58 2 35 70 4 21 65 45 96 96 21 77 53 58 23 26 80 0 93 77 1 25 57 34 99 72 73 78 52 47 28 92 40 84 67 71 61 27 43 9 3 70 22 3 42 54 89 78 44 69 52 18 67 9 98 98 85 9 89 35 94 91 22 6 63 67 5 81 44 94 79 98 41 95 54 73 30 55 47 55 
57 43 92 83 37 89 64 29 59 63 82 2 38 95 38 20 97 93 47 14 25 18 24 28 21 3 94 81 18 74 62 26 80 5 1 17 83 78 56 90 39 10 66 30 14 47 21 5 20 28 4 34 41 99 64 27 57 11 55 90 89 95 38 4 44 12 3 64 25 83 73 31 51 79 88 28 4 90 70 43 29 14 1 96 35 32 91 34 67 65 59 46 35 54 70 35 75 2 54 14 
44 98 36 87 96 96 60 30 36 41 94 17 44 14 0 60 59 2 74 43 88 59 68 45 84 62 58 8 71 33 26 33 99 76 32 41 98 27 94 47 84 56 28 26 60 8 50 63 58 49 5 5 91 40 8 99 37 88 35 74 49 95 87 33 82 64 50 51 0 47 18 1 70 42 25 19 59 92 83 85 47 20 15 63 2 72 61 69 21 67 25 15 8 86 81 41 65 27 17 91 
16 68 56 80 54 48 4 49 99 3 71 52 94 28 89 74 39 55 85 19 92 61 27 18 39 77 41 41 81 89 98 47 12 34 44 80 18 33 18 42 89 67 6 30 95 72 62 35 95 37 10 79 3 3 50 14 13 4 29 74 61 89 48 93 37 38 7 66 72 66 46 43 24 66 93 31 79 10 78 56 30 98 71 43 37 56 97 73 35 16 2 67 37 40 96 10 50 86 99 82 
71 67 1 76 6 79 86 41 81 11 50 42 75 7 91 55 86 26 52 53 85 63 44 49 66 22 58 42 37 0 61 6 7 47 95 29 93 94 54 95 1 6 54 61 83 11 32 38 51 26 41 52 7 83 32 58 67 38 97 45 72 63 41 77 37 84 35 49 2 87 70 70 96 9 37 45 51 58 29 24 50 63 17 80 28 43 28 65 72 65 65 51 28 98 15 64 56 59 25 70 
69 27 68 88 29 85 12 89 72 28 85 14 81 90 83 78 65 99 21 68 98 7 27 19 25 48 56 33 72 95 50 55 2 44 65 73 28 53 11 67 33 21 22 79 96 39 37 94 30 55 92 63 23 87 31 67 70 78 22 91 81 62 10 95 40 92 18 28 45 34 80 78 29 37 19 64 37 86 51 28 3 35 55 90 49 6 44 41 57 45 10 59 72 17 28 55 60 46 81 61 
61 64 74 13 7 25 20 76 78 98 90 12 12 23 96 46 60 32 55 35 32 18 69 13 60 79 85 68 82 50 52 89 55 19 7 9 64 59 77 11 34 19 85 74 88 36 81 27 2 56 87 27 40 88 73 23 29 77 12 48 18 32 77 79 71 14 83 15 48 97 62 82 22 59 65 37 72 89 64 76 85 35 4 43 76 15 31 7 4 35 42 92 47 25 34 67 45 82 55 45 
58 70 63 72 76 8 46 91 84 42 55 93 0 88 16 49 14 71 32 25 52 84 6 76 3 71 81 34 66 14 51 92 71 82 40 54 42 66 63 10 60 71 92 10 88 49 40 54 52 8 22 31 81 57 65 52 48 52 76 36 17 7 70 52 52 62 89 71 68 7 32 32 7 88 86 4 43 4 43 82 27 34 87 88 95 58 78 28 66 26 70 47 51 21 16 69 83 16 2 92 
88 17 34 99 6 81 44 71 23 93 15 37 3 78 17 25 95 26 42 96 83 3 66 73 22 7 90 67 4 90 19 79 12 65 81 48 33 3 96 22 24 97 84 70 7 19 54 56 12 14 24 71 65 66 6 6 80 42 72 2 41 71 48 67 75 30 68 19 56 73 25 17 72 92 27 11 77 44 85 53 54 58 41 47 86 4 17 5 60 18 97 41 68 2 81 17 21 41 4 52 
75 34 7 1 85 82 27 11 27 19 73 11 98 73 88 26 72 63 43 86 23 10 54 22 90 54 10 35 3 53 60 11 33 80 9 81 94 50 37 57 22 4 36 42 66 84 38 61 27 77 79 10 56 95 50 79 75 76 39 57 72 72 61 56 3 23 9 61 36 45 49 91 98 17 45 43 68 79 63 81 77 64 91 92 23 77 50 54 46 29 65 42 84 64 58 23 5 33 90 18 
53 78 14 43 66 31 75 93 76 1 14 24 40 94 54 21 20 39 53 25 25 54 86 98 84 17 72 55 23 91 32 71 27 54 8 86 19 15 4 40 92 71 35 35 73 82 48 40 36 50 12 69 98 41 43 14 15 93 18 66 4 82 31 65 5 29 12 96 81 8 31 97 42 85 20 14 48 93 89 21 5 78 22 50 6 16 76 5 21 13 65 62 50 13 43 35 8 79 50 81 
40 90 92 43 30 38 6 89 93 33 29 77 78 70 36 72 33 10 66 83 82 4 24 81 31 32 84 73 47 7 41 65 44 45 23 71 54 51 31 96 15 95 68 15 92 51 33 79 54 48 7 97 35 24 16 37 63 11 26 0 14 69 62 0 76 53 0 4 88 3 11 58 4 96 86 52 33 21 50 51 98 28 89 19 23 38 65 59 48 38 25 32 25 23 28 22 77 86 78 99 
75 59 57 97 98 55 67 47 68 27 51 8 46 67 74 71 86 34 70 11 68 57 73 31 97 59 8 91 63 29 11 15 99 15 14 99 33 84 11 92 17 30 31 21 7 82 95 55 40 75 79 37 9 29 94 27 17 38 1 26 86 5 66 36 33 43 61 70 19 55 90 56 93 61 54 96 40 88 73 59 22 18 57 1 69 97 24 24 1 23 8 77 90 34 79 91 96 2 67 92 
34 80 16 2 23 6 5 3 83 33 74 10 47 46 12 91 20 61 55 1 54 31 36 26 10 32 43 87 52 33 87 62 99 76 86 3 47 82 56 7 42 9 32 72 19 12 83 34 44 65 44 70 2 98 46 34 67 91 40 29 6 35 58 93 78 29 82 74 53 8 82 1 27 44 50 90 55 24 82 8 3 77 13 24 35 75 17 37 5 75 59 75 52 74 72 87 51 17 9 63 
26 38 80 35 14 7 39 51 78 14 79 59 62 1 83 94 21 11 78 56 60 77 64 12 60 15 4 85 9 51 99 7 89 69 57 98 93 4 17 28 92 61 7 53 85 34 90 85 30 34 45 69 7 31 79 54 66 5 30 74 38 91 25 33 62 92 66 62 78 53 47 68 54 58 12 92 28 78 27 80 32 35 13 52 11 11 92 41 60 54 31 68 4 97 45 94 58 77 46 7 
82 25 48 15 18 52 10 73 18 27 80 83 2 51 78 31 44 24 67 45 12 75 3 18 92 74 24 85 47 49 34 13 41 72 34 98 22 60 9 36 12 44 86 3 97 94 97 45 98 34 73 71 9 91 37 75 45 56 55 58 63 87 17 43 43 82 68 16 62 50 7 81 10 13 94 47 48 35 26 78 77 86 80 23 80 31 69 97 97 65 72 2 70 33 44 91 71 99 22 18 
28 21 43 72 36 83 70 11 63 31 64 93 44 10 61 12 63 43 44 90 18 80 65 73 31 16 14 7 91 96 24 75 18 98 47 81 22 88 36 8 98 10 56 0 20 80 25 86 88 6 54 56 89 25 88 61 25 31 44 1 9 48 17 87 87 33 39 0 67 18 98 50 6 43 5 13 97 94 86 41 79 5 34 89 5 48 63 28 23 35 50 23 25 47 79 47 64 82 12 93 
4 95 34 32 25 35 7 37 83 6 82 58 86 52 81 46 52 49 72 46 70 52 11 66 5 48 61 70 95 56 73 39 81 61 98 10 10 85 36 68 57 99 71 29 35 71 38 31 4 45 9 10 4 94 3 2 35 30 23 93 18 23 95 88 42 79 28 72 14 83 85 94 48 94 83 45 93 33 50 72 98 35 12 48 8 88 59 23 16 94 81 99 21 57 10 14 90 89 55 71 
91 67 93 79 84 41 84 30 69 54 32 33 98 78 59 1 74 22 47 49 88 89 87 32 38 64 25 94 54 68 34 31 60 21 94 35 45 30 12 45 73 88 57 25 52 36 33 56 23 98 22 64 19 4 77 17 83 20 81 72 18 6 19 87 41 34 24 86 59 39 25 77 63 89 12 22 55 40 9 89 18 98 64 60 53 6 67 5 11 39 13 5 58 97 57 31 3 30 96 20 
49 86 9 94 95 57 18 99 28 43 25 85 35 6 27 0 69 87 98 21 14 95 33 39 58 12 80 96 28 45 65 72 56 70 54 49 11 26 67 43 67 59 96 88 55 64 4 50 28 3 76 4 13 24 51 62 13 19 71 53 98 2 36 16 76 71 42 49 89 9 38 35 64 22 22 41 64 54 98 44 50 34 42 75 67 36 0 64 76 78 64 86 81 74 5 10 29 2 8 3 
76 5 63 88 71 14 11 16 20 72 74 20 26 16 92 17 84 97 35 40 39 61 26 88 44 24 75 24 22 73 44 54 76 52 23 80 67 65 63 69 7 60 19 88 58 62 70 26 53 31 65 62 42 89 25 78 43 61 30 12 65 78 45 95 82 35 54 28 73 78 85 97 95 76 6 69 32 59 29 27 17 95 1 1 44 48 33 45 54 25 75 59 68 40 97 48 5 26 27 52 
13 62 75 0 70 64 98 11 69 27 79 99 76 57 9 19 7 52 58 12 37 96 22 45 92 70 43 44 53 32 42 56 87 7 72 20 95 50 49 82 65 30 61 30 90 13 57 50 25 36 52 75 17 73 62 2 96 7 51 60 3 46 85 20 82 62 28 24 39 68 11 86 55 88 88 33 40 98 42 7 3 16 75 11 13 89 20 62 10 40 65 99 69 20 9 11 87 0 55 5 
93 2 93 63 60 49 74 67 97 37 91 26 8 17 63 64 58 35 47 97 28 38 41 42 34 69 81 39 18 80 89 49 21 81 94 5 20 2 33 1 61 58 89 87 62 93 0 92 62 72 52 86 19 58 87 47 43 6 98 90 71 18 67 92 71 29 83 51 55 93 59 14 0 60 48 30 27 26 10 17 7 12 58 35 59 39 67 37 33 6 11 70 54 34 91 16 35 50 60 19 
49 12 30 31 3 64 95 27 24 58 53 51 0 66 66 22 27 52 33 17 85 2 25 37 86 20 54 80 70 99 36 87 41 54 40 27 33 37 98 74 96 15 65 41 90 79 79 37 24 71 93 34 87 22 75 80 32 73 76 77 55 33 8 37 65 63 51 34 58 60 19 31 41 0 78 51 60 35 38 62 10 52 31 29 21 26 43 44 12 7 33 93 79 68 67 91 39 95 45 73 
79 89 91 9 57 89 37 50 22 81 66 42 57 85 3 65 37 17 17 35 66 40 37 32 1 95 25 42 43 71 60 7 15 20 84 90 57 43 64 33 96 86 28 25 81 51 77 94 78 92 58 54 25 83 41 97 40 63 28 6 11 93 55 97 50 28 2 84 29 60 8 61 79 10 56 75 25 11 73 89 92 54 37 80 82 24 75 80 55 15 73 3 9 7 53 42 57 74 40 45 
81 22 74 81 53 60 13 36 83 84 11 9 12 88 35 95 53 67 36 29 27 4 67 9 62 68 4 18 42 77 3 51 76 0 28 45 57 65 7 16 73 22 0 3 5 66 60 58 50 1 73 42 98 50 99 32 78 0 31 50 3 2 30 39 4 26 55 98 48 33 71 35 91 13 2 78 95 51 91 60 97 84 0 56 19 69 44 23 41 91 50 85 84 29 50 1 91 16 72 79 
72 59 93 32 79 45 50 10 58 9 73 59 57 54 83 77 39 20 20 64 58 90 16 96 99 25 35 21 89 54 97 56 8 48 80 93 67 31 53 76 47 61 57 57 83 10 56 20 56 95 3 57 55 99 51 38 22 91 63 91 76 92 0 30 52 16 57 28 24 53 21 7 17 30 63 20 11 4 73 26 20 48 86 32 86 96 90 39 16 79 73 22 62 91 11 53 73 98 39 35 
90 69 15 48 52 42 12 14 5 24 84 66 90 57 24 39 95 76 61 40 42 24 95 16 12 38 0 36 2 75 27 0 17 94 52 66 89 22 88 0 45 86 79 72 87 19 50 91 44 67 92 56 14 87 57 84 82 17 9 67 27 15 36 36 88 76 18 1 27 29 78 10 34 91 40 73 10 1 20 80 79 37 83 16 82 92 88 93 68 88 28 6 72 41 59 15 97 11 15 2 
54 0 35 40 81 18 37 41 3 48 17 2 73 14 26 3 34 95 72 52 9 19 60 2 14 34 35 25 98 56 1 80 46 99 7 58 58 26 73 50 22 52 53 37 54 95 81 13 20 47 12 18 75 38 8 35 48 49 25 38 80 57 10 92 96 25 20 87 76 97 11 90 52 52 69 77 18 74 92 99 22 20 56 37 88 38 2 24 34 15 92 94 10 64 20 21 95 63 5 53 
57 10 69 49 96 17 21 50 12 5 23 56 27 48 6 30 28 82 9 73 49 40 65 84 34 24 13 3 59 69 60 63 51 42 90 42 34 11 96 4 10 83 70 89 91 29 59 41 97 85 68 15 8 72 95 26 14 25 60 19 17 70 61 84 11 35 13 73 26 61 87 82 14 16 57 37 67 15 81 34 33 97 73 61 95 6 23 71 11 35 60 85 11 59 61 13 13 27 0 35 
77 52 1 62 41 12 9 32 90 47 0 17 13 30 71 91 78 27 65 46 68 58 63 47 91 67 84 51 16 76 42 31 98 52 43 26 34 96 80 47 76 29 43 41 81 70 10 38 18 82 8 48 83 59 24 31 61 16 13 8 10 76 27 98 21 36 56 59 67 10 99 42 26 5 87 96 81 78 54 85 54 13 68 61 62 8 15 49 60 92 56 61 5 78 35 11 75 97 69 21 
14 44 46 91 47 10 64 73 69 11 99 45 58 77 2 26 50 23 55 0 55 19 38 10 29 43 46 66 3 79 77 89 16 21 46 12 63 89 60 71 52 92 53 93 95 93 90 85 19 3 98 40 21 99 95 71 36 1 88 4 93 17 73 36 72 45 1 89 70 90 86 23 43 45 16 1 59 87 67 27 69 96 47 42 75 33 86 59 33 17 73 24 10 96 53 33 60 44 92 69 
13 4 88 78 74 94 76 70 72 4 34 11 75 63 10 65 43 28 36 44 99 76 89 19 68 12 72 67 38 66 20 20 3 12 22 82 64 59 5 44 86 47 58 39 18 30 51 89 48 34 88 9 15 85 76 12 89 8 50 98 91 32 35 75 16 49 29 20 15 60 31 53 79 89 4 6 66 79 78 31 22 8 19 37 77 24 62 15 17 5 44 34 39 28 63 57 84 41 21 76 
57 58 82 19 85 18 11 43 3 24 63 31 78 66 76 78 76 69 35 37 34 63 26 38 34 24 74 59 8 57 9 78 71 4 38 42 20 25 92 8 80 43 14 91 23 99 88 14 18 92 11 53 42 85 59 7 51 23 2 64 23 80 53 73 5 50 35 5 86 71 34 43 55 31 19 62 77 96 30 22 1 90 94 48 20 8 87 22 87 21 85 96 21 96 54 95 18 80 85 44 
93 72 22 98 14 8 2 93 73 72 15 70 82 53 49 49 25 75 43 85 66 71 85 24 95 98 52 95 83 74 45 72 88 99 15 15 54 3 95 26 69 92 50 70 8 3 94 84 99 43 39 77 56 47 69 55 28 77 90 24 49 8 1 24 3 73 78 23 98 94 22 48 7 68 16 22 85 3 62 46 84 0 26 38 77 59 88 13 52 87 69 88 65 47 62 33 79 70 43 14 
8 75 91 56 55 0 97 50 55 81 90 66 28 74 77 28 36 81 28 15 16 89 60 33 82 49 49 26 79 49 13 92 42 17 71 5 55 19 52 90 67 41 68 49 53 32 95 15 2 63 20 89 46 6 36 20 38 32 8 35 55 63 88 49 49 24 4 84 81 1 29 58 57 68 69 66 81 71 97 31 3 64 52 26 56 36 36 25 95 99 20 1 95 96 49 24 73 72 55 32 
60 20 21 33 64 44 42 18 51 30 14 16 3 77 87 94 62 56 57 28 91 58 78 19 64 7 48 15 81 41 20 61 37 18 16 17 70 43 33 87 99 62 71 21 77 8 23 57 6 77 74 25 2 37 4 1 29 21 72 64 7 40 92 80 30 24 81 48 5 76 16 80 90 63 43 12 42 54 19 80 62 16 44 32 38 57 56 52 42 78 54 41 9 11 89 32 45 85 57 59 
90 43 5 98 43 72 27 71 94 4 59 83 57 53 47 17 57 9 56 88 48 65 1 64 64 44 17 78 34 46 23 27 1 76 26 99 26 75 95 99 61 57 23 77 4 35 26 11 44 56 6 8 90 71 38 99 59 6 22 89 35 39 72 70 53 63 25 91 48 73 6 76 91 25 11 2 45 59 9 60 7 36 88 96 96 60 56 68 68 29 21 29 86 79 63 37 19 49 80 9 
87 73 20 7 23 24 71 42 54 33 9 94 26 56 52 60 30 75 20 72 33 37 95 19 10 63 85 40 11 49 37 89 58 13 58 86 94 14 23 54 43 80 34 51 24 24 73 13 57 73 1 23 35 98 86 31 68 75 93 43 5 34 30 8 94 82 44 2 64 52 87 58 82 33 67 9 43 81 98 11 60 61 0 93 6 37 80 39 86 98 96 29 65 58 58 81 17 83 77 98 
89 40 11 5 37 92 84 65 37 17 93 29 7 41 48 85 42 13 80 37 18 85 45 24 70 12 76 21 21 5 78 32 60 32 59 99 99 36 82 47 79 86 37 47 91 38 14 93 98 74 9 5 0 20 93 6 50 49 86 7 13 24 86 35 87 31 39 49 40 26 17 47 24 51 85 78 71 99 65 8 95 56 77 66 54 62 71 69 95 99 7 15 94 95 69 22 4 5 43 66 
69 10 92 93 49 96 87 37 7 18 2 5 53 11 47 24 58 16 40 27 53 12 7 58 50 75 21 7 7 47 27 62 53 99 52 65 35 49 62 72 79 28 49 26 28 3 86 28 79 30 36 57 94 78 18 87 12 92 55 16 90 79 12 22 88 62 72 11 76 62 34 28 0 88 49 89 87 53 68 9 29 39 22 52 36 19 59 98 76 89 10 50 27 82 60 33 95 95 33 86 
52 4 71 72 13 12 26 3 35 67 36 63 13 12 58 94 36 86 44 8 35 23 84 6 80 53 76 48 61 97 54 40 5 49 89 57 94 9 66 60 85 19 2 91 18 17 50 52 6 48 84 85 60 74 85 86 91 79 0 90 46 21 76 7 85 43 52 34 32 10 42 12 54 48 77 88 0 25 87 54 42 43 99 35 79 17 74 15 52 12 57 56 2 51 71 21 5 9 52 23 
54 9 60 99 33 74 99 3 24 77 87 99 15 96 57 13 12 21 62 69 73 44 93 53 46 70 66 4 65 31 65 61 92 39 24 53 20 85 47 71 96 72 74 97 78 72 74 76 68 29 34 83 44 32 90 25 97 39 69 9 72 33 51 76 90 55 93 50 33 22 93 33 99 28 87 51 71 82 50 62 34 79 6 27 78 82 50 89 67 93 61 28 4 68 26 74 53 22 20 42 
70 47 97 40 6 30 15 40 74 74 57 75 66 21 45 28 35 36 19 36 68 9 21 29 95 18 30 13 84 32 76 40 59 14 35 68 74 9 77 54 59 88 16 69 1 3 71 37 75 1 67 42 33 43 79 40 22 13 11 93 63 48 70 18 74 10 27 34 52 7 98 47 97 92 65 15 46 66 33 12 45 88 68 24 73 71 56 57 81 36 57 49 74 23 97 74 57 63 93 21 
4 53 73 68 13 31 1 50 49 50 91 31 54 12 40 66 72 24 22 32 79 7 60 21 6 89 70 61 21 61 49 49 76 46 75 13 91 83 24 64 98 63 52 75 62 70 21 54 31 63 53 0 2 18 97 78 62 25 45 75 66 32 3 63 58 4 56 90 75 30 14 85 86 64 1 52 13 55 13 11 13 99 36 79 76 26 14 67 98 41 28 65 20 57 35 55 41 32 35 47 
80 51 84 60 32 54 25 26 7 40 14 90 6 57 48 15 2 5 32 13 63 2 70 45 94 71 2 15 85 5 44 96 92 14 76 29 92 32 92 41 27 40 67 1 51 29 68 45 7 65 39 47 60 7 93 79 5 5 6 14 59 45 96 73 29 83 23 81 47 15 88 1 82 3 39 92 62 71 5 2 53 65 16 45 81 18 65 81 69 77 40 5 98 53 55 98 87 99 34 27 
60 11 23 10 48 81 84 45 77 98 34 0 50 89 41 68 95 75 43 14 22 3 16 22 6 4 4 30 68 76 87 99 19 12 69 32 21 26 65 63 52 71 84 0 47 1 32 91 56 31 19 70 92 69 47 89 47 95 95 63 2 24 12 34 20 97 31 50 20 66 74 27 73 73 22 58 32 25 67 83 34 70 84 4 2 76 55 16 86 98 49 67 39 86 23 87 44 99 60 74 
54 50 59 75 70 73 1 5 32 9 96 79 1 88 59 78 45 1 77 82 82 64 46 35 77 14 93 55 58 25 85 94 91 80 0 47 58 59 72 67 92 90 29 23 91 4 67 34 73 7 10 28 23 46 1 4 40 84 31 93 98 0 65 3 87 22 84 89 58 26 72 47 61 59 8 76 70 95 37 9 94 82 84 52 62 8 95 36 70 72 40 10 20 20 21 90 62 31 89 88 
60 87 53 20 84 60 7 93 77 61 56 35 11 46 97 62 90 62 83 48 93 23 87 64 1 52 93 21 43 71 10 53 74 18 34 28 20 13 80 95 77 45 97 32 61 59 55 77 75 39 70 16 70 44 10 78 88 21 56 85 63 51 39 38 48 42 31 77 56 74 77 29 80 8 79 84 81 9 96 37 29 31 39 91 13 78 67 49 62 43 82 74 58 89 16 3 88 8 26 17 
99 43 0 95 36 1 79 11 40 1 2 62 85 40 67 15 34 7 92 92 81 14 57 80 80 11 41 19 8 68 52 42 26 33 44 50 69 74 68 69 49 73 55 82 10 12 41 3 8 90 36 64 11 81 30 30 4 15 35 74 63 93 79 77 37 35 5 21 61 9 75 2 66 71 25 82 28 47 54 6 76 72 55 23 87 8 83 38 16 83 12 92 13 32 3 10 39 64 50 17 
30 74 24 17 60 90 50 4 76 71 66 38 66 19 0 92 26 65 32 82 66 94 37 87 31 13 31 29 74 58 97 29 75 6 45 64 95 30 73 7 72 78 20 73 34 57 49 28 3 14 80 16 78 85 50 12 84 47 56 78 76 13 29 93 49 61 49 37 27 64 21 12 66 72 92 64 87 16 29 94 30 75 80 94 26 86 83 89 56 7 33 0 74 7 54 86 30 99 2 30 
40 82 88 78 50 78 3 24 83 98 92 67 87 46 83 42 80 23 41 1 60 69 11 61 75 17 40 79 84 83 77 69 73 34 97 53 51 88 93 95 44 66 30 30 95 73 42 74 22 54 54 49 71 28 85 15 45 52 75 85 55 6 53 39 39 3 96 14 88 38 65 6 63 57 91 87 12 60 56 23 41 45 83 84 5 33 72 80 66 31 87 55 13 51 78 0 50 29 61 17 
68 55 7 41 71 17 87 35 73 8 78 57 12 99 65 39 74 79 31 74 91 90 56 70 40 59 57 88 17 64 11 48 16 8 9 31 86 51 94 97 71 45 60 4 62 28 22 40 43 84 47 50 24 77 50 36 87 86 74 51 62 28 4 93 86 13 68 18 82 0 64 26 16 95 41 40 50 9 15 42 43 10 12 13 5 80 13 68 58 19 4 85 15 33 63 76 25 41 54 77 
36 43 1 89 27 29 9 96 57 44 53 6 42 37 65 97 69 35 9 35 46 43 12 49 1 36 60 52 73 37 87 23 60 0 25 50 88 4 25 54 27 83 98 15 48 18 82 55 97 19 34 92 90 50 33 25 36 80 23 53 39 36 43 30 37 39 84 86 4 44 81 8 12 77 28 50 82 29 88 14 5 83 12 56 50 95 48 51 47 25 88 32 26 3 12 16 57 76 58 20 
6 4 32 64 27 10 5 29 51 74 95 56 17 55 31 97 99 16 84 73 4 35 51 72 10 50 93 62 46 12 71 77 70 65 38 0 21 14 79 63 95 12 18 8 88 47 15 18 71 34 6 45 33 26 32 38 64 41 40 24 13 25 20 76 24 30 52 65 34 49 16 85 87 52 38 74 48 27 13 16 40 76 2 60 26 34 59 93 70 71 73 54 30 65 43 57 85 93 62 96 
82 28 6 46 78 65 74 89 91 79 31 26 2 16 39 82 9 52 73 57 90 81 37 96 20 27 33 53 56 3 11 67 72 45 40 55 84 72 99 82 10 12 6 81 23 2 13 95 29 10 76 35 32 2 31 42 92 83 94 75 77 67 52 7 14 62 25 79 98 29 72 78 52 28 46 36 21 0 97 19 1 14 65 82 54 75 96 80 82 17 3 20 85 75 60 55 86 38 15 58 
34 64 74 27 79 41 64 83 79 12 99 82 98 43 76 87 26 12 96 22 82 30 54 59 10 32 84 21 9 73 29 89 26 88 88 26 1 30 38 75 18 18 30 16 84 65 26 1 87 73 74 55 88 24 5 25 50 65 7 56 90 91 83 75 78 77 3 63 11 15 62 79 97 52 94 56 34 81 89 24 38 93 78 57 79 57 22 76 25 19 90 51 95 92 13 89 32 21 50 98 
97 24 22 0 48 84 24 12 61 49 78 45 49 64 58 34 8 12 62 47 98 86 37 68 54 85 10 10 46 74 62 75 94 98 16 73 75 50 44 86 26 75 94 39 50 32 55 23 39 93 62 87 92 34 31 45 52 49 52 66 79 65 82 70 28 63 90 38 23 35 25 40 38 61 75 59 29 83 99 24 84 88 56 79 30 58 52 64 53 67 86 66 80 69 71 6 41 61 74 36 
90 39 24 24 24 25 42 92 64 2 86 90 46 17 14 44 81 23 53 67 97 1 64 5 47 99 77 33 62 91 38 66 91 26 60 75 3 26 68 14 69 76 99 95 3 77 95 96 79 48 81 79 31 23 78 96 42 79 7 41 62 97 96 29 55 75 22 81 94 25 47 58 71 6 27 24 45 27 18 2 75 78 49 76 80 91 56 2 9 68 5 64 35 87 74 84 12 35 73 42 
30 84 1 15 95 28 65 20 69 94 81 63 49 77 49 50 40 98 46 48 10 59 84 8 95 90 74 39 21 30 30 66 59 96 72 10 39 37 74 17 62 40 47 50 26 80 28 37 51 45 8 96 19 0 64 62 23 80 23 7 94 95 32 65 92 38 62 26 57 10 18 74 42 56 11 92 97 68 95 80 12 95 70 33 71 22 56 98 95 7 89 27 60 95 4 74 83 61 46 83 
21 51 96 2 51 31 43 48 42 33 45 69 68 52 56 76 74 54 21 40 98 50 55 76 9 9 90 15 30 77 43 58 93 75 24 39 90 27 78 6 54 34 19 43 83 20 51 55 81 88 10 36 90 93 99 45 95 46 37 55 38 34 19 34 3 7 55 7 11 58 0 31 15 76 12 85 41 91 37 90 71 63 28 34 37 68 80 26 58 22 57 85 2 85 21 80 94 83 36 83 
53 94 80 30 35 55 89 32 86 5 55 56 36 36 42 22 96 83 34 96 9 25 83 22 60 88 12 43 46 58 20 99 89 29 60 71 86 98 93 69 77 91 1 57 37 3 97 19 38 87 85 6 92 2 95 50 18 97 46 8 32 21 99 44 16 46 63 31 34 34 53 86 99 36 88 62 9 87 36 31 97 22 97 97 39 18 56 2 41 10 58 30 67 63 60 60 83 10 21 14 
93 67 92 28 84 27 42 14 28 61 28 0 71 46 2 36 14 36 62 84 65 33 40 61 63 54 4 79 1 27 42 83 58 8 75 11 72 35 72 53 94 72 52 80 93 10 32 40 18 73 90 73 66 1 52 90 33 15 74 11 68 42 14 54 18 78 25 59 51 1 75 56 20 90 73 1 63 42 91 51 38 45 28 28 71 75 66 72 75 21 75 23 70 84 69 31 44 17 63 32 
36 26 93 95 73 32 91 52 41 42 15 48 47 55 51 67 69 49 25 87 84 22 22 59 17 0 75 43 4 4 73 65 20 71 35 52 37 89 33 21 10 47 64 24 91 44 8 97 0 25 99 64 65 59 52 62 86 98 44 82 22 96 38 96 63 42 42 73 80 31 3 84 83 75 90 54 8 76 26 61 4 49 83 59 52 56 16 41 12 78 64 63 34 16 98 4 48 53 44 10 
23 83 90 61 4 64 45 51 57 91 34 17 1 63 73 34 63 80 55 73 84 12 44 42 57 74 90 40 53 59 47 6 89 65 74 72 25 97 21 81 59 36 67 43 78 22 45 91 5 60 40 56 83 65 94 87 14 19 2 25 4 76 34 21 34 40 46 0 22 30 26 27 65 63 74 49 12 31 72 10 83 3 84 15 22 71 7 79 42 86 61 24 10 28 48 52 15 53 70 79 
18 63 24 98 27 22 43 65 35 88 8 94 39 26 62 34 96 8 35 38 32 85 28 43 91 60 71 46 43 15 68 99 14 77 48 77 45 43 81 16 94 2 50 11 72 77 59 49 20 95 51 51 48 49 86 19 14 42 37 96 66 75 85 18 78 6 40 25 20 30 64 2 23 70 54 50 50 32 71 80 73 16 21 22 18 13 92 8 41 92 20 37 1 41 96 94 17 12 33 97 
39 5 29 43 68 11 60 70 38 30 97 55 84 79 70 72 6 91 1 74 66 37 63 33 74 88 66 40 89 26 24 17 54 90 60 79 54 89 48 16 3 79 21 81 93 57 23 56 21 56 10 40 94 33 50 53 75 65 26 81 88 19 91 2 45 89 44 5 57 80 91 27 77 9 80 16 23 48 26 78 86 59 98 24 32 84 0 80 24 88 93 79 43 34 60 83 89 96 29 47 
44 48 79 3 20 18 94 23 92 14 28 91 54 86 54 37 26 71 47 91 83 41 94 90 78 8 25 17 49 9 8 55 1 26 65 29 17 63 58 25 94 34 86 22 39 30 17 26 70 20 78 37 50 47 15 20 76 26 27 59 73 80 45 31 94 0 62 96 87 55 65 63 2 76 94 0 87 46 0 76 57 41 69 98 44 2 20 36 79 25 59 73 78 42 27 37 40 24 60 37 
74 7 30 33 52 96 26 48 13 83 31 52 99 5 76 63 54 0 66 82 69 40 36 44 11 3 71 47 11 97 13 55 7 99 41 83 51 62 4 83 22 61 21 0 39 72 27 63 2 83 29 69 95 95 77 35 76 23 96 39 38 35 27 62 77 82 32 90 60 87 90 75 65 84 98 45 91 38 22 27 66 64 76 95 76 10 4 99 29 1 47 14 6 98 80 71 88 57 4 87 
95 89 39 79 10 43 91 95 57 67 61 6 2 10 63 2 58 57 23 27 31 58 95 32 91 35 38 93 88 36 96 57 20 82 78 49 1 42 36 86 30 84 12 4 88 98 3 59 43 92 88 59 25 66 33 45 1 36 95 85 14 90 26 71 95 73 61 45 95 31 72 46 78 75 47 46 74 48 28 87 64 72 10 24 67 88 40 4 40 19 29 54 61 16 6 81 11 34 83 35 
71 12 91 31 64 70 98 91 87 43 25 56 53 55 80 5 50 1 13 39 47 51 70 21 65 94 25 50 57 10 67 48 69 33 82 96 33 60 1 20 99 68 95 67 25 87 48 15 49 80 44 25 91 68 24 16 35 19 82 32 89 23 87 59 21 80 85 43 49 81 64 40 7 59 1 24 82 19 5 57 32 82 72 93 0 30 29 22 65 24 18 49 99 71 38 13 32 83 11 26 
96 85 11 68 66 75 47 26 74 67 83 7 47 19 41 85 2 69 52 68 62 65 69 42 99 28 92 77 73 42 69 63 78 81 47 99 40 37 31 3 66 32 6 62 99 43 68 23 24 22 81 24 63 5 50 11 68 92 69 40 21 3 66 36 30 7 10 77 54 40 23 70 90 88 46 69 75 69 29 56 36 7 43 66 38 21 85 88 3 18 33 25 2 4 39 14 85 85 93 10 
11 22 91 78 77 25 99 69 59 58 39 0 88 46 72 13 69 85 67 17 64 54 0 24 46 85 52 49 47 90 45 56 71 9 36 93 36 42 8 21 28 41 18 59 25 62 23 17 43 40 40 82 19 33 26 26 80 0 15 45 68 62 44 32 26 33 25 49 19 63 99 42 52 99 47 45 34 83 44 55 13 3 27 59 47 93 11 62 49 47 51 70 31 77 59 32 57 55 87 91 
58 0 19 30 33 84 94 78 37 73 35 10 49 77 61 40 25 8 71 17 47 58 86 16 54 23 23 15 79 71 5 51 25 85 97 0 67 99 6 34 68 61 48 95 90 36 37 80 37 53 86 38 60 14 76 15 23 73 46 62 56 21 20 57 39 50 87 94 76 22 96 65 20 9 15 80 40 93 84 53 67 80 64 21 60 95 2 54 3 1 98 96 28 24 40 5 37 24 54 20 
6 78 11 78 96 19 84 20 8 91 1 41 91 77 33 91 85 17 80 95 5 37 13 14 40 89 96 3 27 82 26 58 77 18 0 35 50 18 71 1 97 40 57 74 36 80 85 7 49 63 57 80 99 72 89 99 31 79 13 55 21 67 3 93 27 36 87 54 76 18 88 67 3 13 75 22 23 30 68 54 83 94 73 66 83 58 92 35 45 0 30 1 71 50 25 64 82 96 74 36 
39 15 3 30 87 2 52 14 64 77 22 87 48 6 6 30 74 92 56 99 35 61 23 88 20 60 32 0 89 56 88 97 95 82 52 59 11 62 92 14 63 23 12 30 26 6 69 46 88 56 43 62 88 49 41 14 17 30 69 56 16 26 43 22 68 1 95 86 69 45 45 50 15 31 44 40 55 95 12 55 32 60 39 61 48 74 40 13 50 37 98 1 68 62 19 17 49 82 36 53 
13 97 90 10 6 1 47 96 63 76 19 85 64 34 35 31 20 77 19 67 71 7 24 98 12 14 5 98 16 36 11 51 69 44 53 10 6 69 46 55 60 54 97 24 86 28 59 68 50 65 23 98 71 90 28 31 28 60 81 15 75 55 1 45 71 71 66 97 31 92 51 76 92 69 31 99 23 65 18 41 8 51 39 7 19 69 48 97 24 64 86 71 62 27 76 81 10 53 87 45 
79 68 43 8 74 69 13 44 70 81 38 33 86 35 0 70 67 0 81 63 57 12 40 70 75 56 5 35 15 99 29 40 92 27 11 14 58 69 41 82 45 53 98 96 34 69 2 43 15 3 88 58 34 58 72 15 4 34 25 49 0 97 22 32 96 96 57 38 21 93 10 92 94 27 30 15 54 76 12 30 87 63 7 81 15 54 10 84 66 6 66 14 35 22 74 51 56 67 91 5 
94 67 46 4 54 9 14 2 37 64 90 90 78 26 20 32 49 70 37 51 21 75 17 51 96 84 68 42 79 72 67 6 1 25 93 8 29 2 14 96 80 67 17 81 49 38 85 68 3 0 6 93 29 29 23 6 13 48 61 33 60 87 27 13 95 76 4 97 2 86 41 77 89 47 20 74 52 98 76 32 25 84 12 34 69 48 22 43 72 57 60 4 86 93 73 39 11 43 67 47 
91 81 93 18 70 76 60 12 55 66 16 5 72 23 84 86 87 4 28 80 20 49 66 39 34 80 55 75 93 91 93 90 14 19 57 70 63 80 73 49 81 30 96 22 90 89 25 61 85 85 47 16 98 92 18 42 28 54 32 18 73 56 98 54 4 13 17 97 70 89 54 7 71 39 74 79 73 98 80 95 67 40 37 60 32 68 37 81 36 74 47 79 92 29 83 99 96 89 6 0 
33 83 76 39 45 31 97 45 88 57 0 84 79 84 96 62 32 23 54 80 65 56 90 87 36 15 8 41 4 57 62 78 35 80 70 1 79 84 80 63 4 47 74 84 23 8 14 14 14 49 22 62 84 57 4 9 24 58 76 3 10 0 38 0 76 54 56 77 5 25 89 50 44 71 26 30 37 82 82 27 36 8 49 41 53 11 41 77 33 93 0 35 19 42 66 77 9 17 92 63 
10 70 35 49 12 19 55 12 59 86 11 45 84 66 38 79 36 12 65 88 61 65 43 63 55 3 10 29 85 79 3 11 63 31 22 84 16 76 69 60 85 82 47 37 37 35 1 85 52 2 91 41 47 10 74 25 22 24 94 53 96 10 92 81 32 60 58 48 77 45 97 8 77 51 93 54 47 20 83 11 35 79 33 56 95 23 48 59 67 55 99 1 51 34 36 32 41 14 23 96 
86 88 31 6 49 30 13 88 59 13 68 33 71 34 38 42 2 89 30 42 59 14 47 35 33 89 2 10 65 35 44 49 43 2 70 99 78 22 86 96 76 58 83 95 13 7 10 35 79 16 59 38 70 20 63 53 98 88 48 97 62 77 23 66 1 62 34 87 16 27 26 49 22 54 88 21 80 15 5 22 50 27 16 83 44 85 48 67 98 82 10 98 86 43 87 96 23 97 33 62 
91 73 84 28 10 86 21 55 66 92 35 71 71 35 92 33 8 89 44 12 94 53 5 30 97 37 24 10 25 79 92 0 10 32 24 24 94 30 59 9 37 20 52 14 87 52 52 56 12 4 76 52 13 58 72 51 65 27 6 28 51 44 5 29 42 33 70 94 77 9 64 42 34 58 52 96 5 85 52 80 78 27 5 88 15 69 48 78 32 54 90 7 6 39 80 96 71 98 58 73 
64 44 72 4 33 62 91 33 65 23 43 36 19 13 29 87 24 89 17 75 52 56 46 18 13 84 56 63 5 93 52 33 61 30 66 41 97 64 33 80 68 2 45 58 10 57 42 14 21 43 82 34 83 67 87 21 64 25 30 92 19 97 84 55 18 1 15 95 80 24 10 61 41 73 43 32 1 97 86 11 81 18 87 79 93 38 69 41 27 84 42 85 55 26 50 98 90 58 23 88 
80 15 7 60 36 33 5 44 54 80 15 61 96 47 49 13 36 57 64 97 23 18 26 32 51 32 70 79 94 8 96 57 94 55 62 18 1 73 82 76 26 35 92 38 31 38 32 38 26 4 92 6 55 74 17 30 84 63 64 40 40 85 89 94 29 90 4 43 81 82 23 17 25 88 72 6 9 35 39 56 44 16 62 67 76 37 21 15 29 44 0 60 27 70 8 3 47 75 77 78 
39 12 63 7 86 45 41 65 38 41 55 69 86 67 8 21 48 31 98 3 40 50 86 57 99 14 25 92 78 34 26 39 27 63 47 90 2 5 58 24 71 13 43 31 40 11 7 67 93 27 9 42 55 32 7 7 69 14 77 65 27 99 17 99 62 22 62 78 74 3 94 79 46 22 92 19 69 22 28 17 30 42 6 44 59 80 89 82 40 62 24 45 74 55 7 41 39 18 97 43 
75 29 75 72 69 85 29 53 58 46 13 16 60 32 68 61 28 5 65 51 80 66 65 74 27 20 13 73 82 86 91 80 92 23 32 6 72 54 31 73 67 79 43 91 81 4 51 76 81 44 19 30 53 21 88 58 93 40 61 92 51 99 29 71 96 51 97 74 57 96 85 23 16 11 39 11 11 51 56 31 60 71 32 50 68 87 79 11 69 6 53 81 59 1 86 26 26 47 45 22 
